135
400
32
416
48
432
80
1120
96
1136
96
432
112
448
112
1056
112
448
128
1024
128
1104
128
688
144
1088
144
432
160
720
160
1216
160
1152
160
1184
160
448
176
656
176
1072
176
1088
176
432
192
656
192
720
192
1136
192
688
208
1056
208
416
224
640
224
752
224
1200
224
48
240
432
240
624
240
1120
240
1152
240
16
256
64
256
400
256
672
256
720
256
1200
256
80
272
32
272
48
272
416
272
688
272
768
272
1120
272
1168
272
1232
272
96
288
64
288
128
304
80
304
160
320
64
320
80
336
512
400
448
400
528
400
496
416
864
432
480
448
560
448
912
448
512
464
544
464
880
464
1168
464
1216
464
272
480
880
480
1184
480
208
496
240
496
576
496
848
496
1232
496
912
512
208
528
224
528
288
528
848
528
944
528
176
544
272
544
864
544
896
544
912
544
1200
544
240
560
208
576
176
576
304
576
896
576
864
576
928
576
272
592
240
592
336
592
896
592
208
608
176
608
224
624
272
624
304
624
912
624
880
624
256
640
288
640
320
640
896
640
864
640
224
656
176
672
288
672
256
672
240
688
304
688
912
688
208
704
336
704
256
704
864
704
272
720
576
720
896
720
592
736
544
752
352
832
800
848
496
864
880
896
